0 0.069375 0.224167 0.136250 0.168333
0 0.278750 0.275833 0.202500 0.275000
0 0.639375 0.267500 0.216250 0.301667
0 0.641250 0.457500 0.277500 0.225000
0 0.808750 0.161667 0.155000 0.270000
0 0.932500 0.117500 0.130000 0.211667
0 0.903125 0.315833 0.188750 0.228333
0 0.936250 0.707500 0.125000 0.205000
0 0.931250 0.878333 0.137500 0.220000
0 0.859375 0.817500 0.196250 0.248333
0 0.820625 0.872500 0.173750 0.235000
0 0.693750 0.781667 0.127500 0.193333
0 0.635625 0.884167 0.183750 0.231667
0 0.163750 0.648333 0.165000 0.210000
0 0.176250 0.872500 0.152500 0.208333
0 0.068750 0.879167 0.135000 0.218333
