0 0.606875 0.092500 0.251250 0.121667
0 0.331875 0.078333 0.196250 0.153333
0 0.163125 0.064167 0.191250 0.125000
0 0.049375 0.133333 0.096250 0.253333
0 0.141250 0.461667 0.252500 0.160000
0 0.111250 0.619167 0.220000 0.248333
0 0.360000 0.673333 0.237500 0.240000
0 0.353125 0.447500 0.218750 0.171667
0 0.648750 0.669167 0.300000 0.638333
0 0.718750 0.689167 0.217500 0.261667
0 0.905625 0.867500 0.143750 0.135000
0 0.933750 0.375000 0.130000 0.116667
0 0.963750 0.497500 0.072500 0.105000
0 0.130625 0.912500 0.253750 0.155000
