1 0.545625 0.604167 0.118750 0.171667
1 0.565000 0.836667 0.095000 0.153333
0 0.313125 0.580833 0.181250 0.255000
0 0.253750 0.740000 0.130000 0.163333
0 0.335625 0.243333 0.176250 0.203333
0 0.640000 0.240000 0.197500 0.200000
0 0.831875 0.443333 0.168750 0.206667
0 0.960625 0.253333 0.066250 0.130000
0 0.961250 0.433333 0.075000 0.183333
0 0.622500 0.088333 0.105000 0.143333
0 0.495000 0.045000 0.135000 0.083333
0 0.198750 0.160833 0.095000 0.201667
0 0.060000 0.126667 0.115000 0.230000
0 0.050000 0.351667 0.097500 0.226667
