1 0.577500 0.211667 0.180000 0.186667
1 0.575625 0.536667 0.098750 0.100000
1 0.569375 0.625000 0.058750 0.086667
0 0.301875 0.069167 0.161250 0.131667
0 0.093125 0.191667 0.166250 0.216667
0 0.406875 0.508333 0.201250 0.363333
0 0.583750 0.384167 0.117500 0.145000
0 0.882500 0.501667 0.167500 0.206667
0 0.933125 0.682500 0.121250 0.148333
0 0.936250 0.852500 0.127500 0.165000
0 0.665000 0.816667 0.142500 0.123333
0 0.646250 0.678333 0.117500 0.120000
0 0.138125 0.545833 0.273750 0.178333
0 0.135625 0.759167 0.228750 0.238333
0 0.294375 0.941667 0.151250 0.096667
