0 0.510000 0.128333 0.172500 0.210000
0 0.808750 0.273333 0.155000 0.163333
0 0.523750 0.329167 0.140000 0.205000
0 0.393750 0.450000 0.107500 0.136667
0 0.514375 0.538333 0.166250 0.106667
0 0.531250 0.650833 0.137500 0.185000
0 0.698125 0.636667 0.178750 0.126667
0 0.950000 0.520000 0.090000 0.110000
0 0.122500 0.284167 0.165000 0.145000
0 0.058750 0.165833 0.102500 0.145000
0 0.060000 0.881667 0.117500 0.183333
0 0.237500 0.825000 0.107500 0.123333
0 0.391875 0.968333 0.198750 0.063333
0 0.915625 0.880000 0.096250 0.093333
