0 0.070625 0.155000 0.138750 0.236667
0 0.236250 0.119167 0.182500 0.225000
0 0.215625 0.372500 0.238750 0.308333
0 0.163125 0.609167 0.298750 0.291667
0 0.111250 0.817500 0.220000 0.191667
0 0.284375 0.861667 0.238750 0.276667
0 0.096875 0.942500 0.191250 0.115000
0 0.551250 0.238333 0.227500 0.283333
0 0.698125 0.395000 0.268750 0.380000
0 0.449375 0.595000 0.176250 0.236667
0 0.575625 0.736667 0.148750 0.240000
0 0.891250 0.368333 0.217500 0.383333
0 0.744375 0.148333 0.086250 0.136667
0 0.811250 0.037500 0.240000 0.058333
0 0.405000 0.061667 0.095000 0.100000
0 0.595000 0.049167 0.077500 0.091667
0 0.859375 0.638333 0.248750 0.313333
0 0.861250 0.865000 0.275000 0.270000
