0 0.081875 0.074167 0.161250 0.138333
0 0.246250 0.085833 0.087500 0.125000
0 0.496875 0.120000 0.236250 0.216667
0 0.376875 0.320833 0.223750 0.285000
0 0.610625 0.344167 0.293750 0.251667
0 0.855000 0.318333 0.187500 0.333333
0 0.276875 0.569167 0.211250 0.235000
0 0.045000 0.547500 0.087500 0.081667
0 0.505000 0.574167 0.250000 0.221667
0 0.765000 0.567500 0.250000 0.198333
0 0.450000 0.740833 0.140000 0.195000
0 0.605000 0.756667 0.187500 0.223333
0 0.408125 0.916667 0.261250 0.166667
0 0.786875 0.960000 0.113750 0.080000
