0 0.435000 0.115000 0.202500 0.200000
0 0.509375 0.367500 0.093750 0.168333
0 0.774375 0.504167 0.173750 0.235000
0 0.497500 0.509167 0.110000 0.135000
0 0.500000 0.625833 0.092500 0.141667
0 0.627500 0.537500 0.127500 0.191667
0 0.710000 0.841667 0.097500 0.133333
0 0.823125 0.786667 0.101250 0.136667
0 0.892500 0.924167 0.205000 0.145000
0 0.560625 0.841667 0.131250 0.093333
0 0.395625 0.927500 0.146250 0.125000
0 0.175625 0.574167 0.123750 0.085000
0 0.066250 0.658333 0.122500 0.090000
1 0.049375 0.940000 0.096250 0.103333
1 0.043125 0.783333 0.083750 0.170000
1 0.071875 0.362500 0.141250 0.265000
1 0.062500 0.128333 0.122500 0.166667
0 0.191250 0.254167 0.127500 0.171667
0 0.631875 0.325833 0.118750 0.105000
