0 0.388125 0.120833 0.123750 0.148333
0 0.516250 0.039167 0.077500 0.075000
0 0.477500 0.130833 0.062500 0.158333
0 0.960000 0.097500 0.080000 0.178333
0 0.914375 0.207500 0.171250 0.168333
0 0.938750 0.259167 0.122500 0.088333
0 0.733750 0.655833 0.100000 0.115000
0 0.946875 0.600000 0.098750 0.163333
0 0.579375 0.856667 0.278750 0.253333
0 0.383125 0.762500 0.161250 0.245000
0 0.318125 0.618333 0.146250 0.173333
0 0.486875 0.363333 0.141250 0.203333
0 0.591875 0.435833 0.148750 0.161667
0 0.586875 0.554167 0.141250 0.181667
0 0.615000 0.718333 0.272500 0.200000
0 0.158750 0.064167 0.095000 0.098333
0 0.249375 0.180833 0.058750 0.128333
0 0.058750 0.355000 0.115000 0.143333
0 0.176250 0.422500 0.072500 0.135000
0 0.108125 0.157500 0.186250 0.105000
