1 0.063125 0.255833 0.111250 0.211667
1 0.065000 0.635000 0.125000 0.186667
0 0.213750 0.072500 0.260000 0.141667
0 0.361250 0.250833 0.350000 0.235000
0 0.641875 0.211667 0.231250 0.260000
0 0.788750 0.109167 0.187500 0.185000
0 0.906250 0.292500 0.187500 0.288333
0 0.257500 0.466667 0.225000 0.216667
0 0.256250 0.689167 0.215000 0.235000
0 0.471250 0.485833 0.195000 0.205000
0 0.461875 0.728333 0.171250 0.310000
0 0.653750 0.471667 0.197500 0.226667
0 0.657500 0.750833 0.190000 0.331667
0 0.879375 0.514167 0.241250 0.228333
0 0.875000 0.797500 0.230000 0.371667
0 0.085625 0.939167 0.141250 0.121667
0 0.295000 0.949167 0.142500 0.101667
0 0.518750 0.950000 0.162500 0.100000
0 0.678125 0.946667 0.138750 0.106667
