0 0.101250 0.174167 0.200000 0.181667
0 0.265000 0.130000 0.167500 0.223333
0 0.438125 0.113333 0.116250 0.213333
0 0.595625 0.242500 0.188750 0.221667
0 0.754375 0.195000 0.123750 0.266667
0 0.876875 0.117500 0.113750 0.231667
0 0.856250 0.318333 0.142500 0.253333
0 0.737500 0.639167 0.167500 0.278333
0 0.748750 0.847500 0.172500 0.305000
0 0.915000 0.813333 0.170000 0.373333
0 0.384375 0.406667 0.263750 0.363333
0 0.561875 0.631667 0.218750 0.343333
0 0.396875 0.770833 0.178750 0.198333
0 0.587500 0.875833 0.202500 0.248333
0 0.394375 0.928333 0.161250 0.133333
0 0.147500 0.686667 0.182500 0.253333
0 0.097500 0.430833 0.152500 0.218333
0 0.273750 0.479167 0.182500 0.201667
