0 0.195625 0.084167 0.166250 0.165000
0 0.363125 0.084167 0.138750 0.158333
0 0.628750 0.228333 0.297500 0.306667
0 0.740625 0.508333 0.373750 0.266667
0 0.616875 0.676667 0.261250 0.223333
0 0.643750 0.890833 0.267500 0.218333
0 0.898750 0.880833 0.192500 0.238333
0 0.381250 0.810833 0.255000 0.378333
0 0.105625 0.905833 0.188750 0.188333
1 0.976875 0.448333 0.046250 0.103333
1 0.980625 0.166667 0.038750 0.103333
0 0.860000 0.115833 0.165000 0.185000
1 0.054375 0.537500 0.106250 0.171667
0 0.343750 0.465833 0.227500 0.351667
