0 0.101250 0.151667 0.200000 0.256667
0 0.320000 0.157500 0.240000 0.281667
0 0.101875 0.463333 0.201250 0.296667
0 0.293125 0.450000 0.186250 0.220000
0 0.531875 0.455833 0.271250 0.288333
0 0.101250 0.717500 0.200000 0.295000
0 0.416250 0.726667 0.417500 0.246667
0 0.100000 0.919167 0.190000 0.161667
0 0.306875 0.921667 0.193750 0.146667
0 0.509375 0.931667 0.198750 0.136667
0 0.695625 0.918333 0.138750 0.163333
0 0.857500 0.721667 0.285000 0.336667
0 0.695000 0.755000 0.122500 0.173333
0 0.879375 0.945000 0.158750 0.110000
0 0.763125 0.111667 0.196250 0.170000
0 0.753750 0.243333 0.100000 0.180000
0 0.495625 0.205000 0.113750 0.140000
