0 0.184375 0.205000 0.136250 0.206667
0 0.375625 0.098333 0.153750 0.166667
0 0.751875 0.258333 0.196250 0.383333
0 0.606250 0.530000 0.177500 0.183333
0 0.468750 0.660833 0.097500 0.168333
0 0.666875 0.753333 0.143750 0.166667
0 0.899375 0.590000 0.098750 0.160000
0 0.950625 0.767500 0.088750 0.145000
0 0.909375 0.930833 0.146250 0.138333
0 0.790000 0.923333 0.080000 0.140000
0 0.960625 0.410000 0.078750 0.106667
0 0.280625 0.902500 0.086250 0.165000
0 0.373750 0.867500 0.150000 0.245000
0 0.041250 0.575000 0.065000 0.160000
0 0.168750 0.600833 0.110000 0.205000
0 0.041250 0.826667 0.080000 0.116667
0 0.069375 0.280000 0.088750 0.183333
0 0.443125 0.288333 0.116250 0.130000
0 0.426875 0.398333 0.108750 0.140000
0 0.556250 0.095000 0.117500 0.180000
0 0.788750 0.526667 0.117500 0.123333
