0 0.561875 0.534167 0.168750 0.225000
0 0.320000 0.494167 0.165000 0.171667
0 0.413125 0.613333 0.068750 0.150000
0 0.371250 0.839167 0.162500 0.078333
0 0.566875 0.940833 0.083750 0.111667
0 0.769375 0.890000 0.083750 0.126667
0 0.840000 0.969167 0.055000 0.061667
1 0.068125 0.769167 0.133750 0.158333
0 0.068125 0.881667 0.091250 0.100000
0 0.140000 0.191667 0.137500 0.093333
0 0.683125 0.199167 0.146250 0.141667
0 0.728750 0.290833 0.127500 0.115000
0 0.764375 0.071667 0.118750 0.136667
0 0.134375 0.035833 0.093750 0.068333
0 0.860625 0.620833 0.113750 0.058333
0 0.876875 0.729167 0.088750 0.061667
0 0.087500 0.380833 0.045000 0.035000
0 0.160000 0.446667 0.045000 0.056667
0 0.160625 0.557500 0.093750 0.085000
