0 0.117500 0.312500 0.232500 0.205000
0 0.348750 0.312500 0.182500 0.218333
0 0.433750 0.106667 0.210000 0.210000
0 0.288750 0.114167 0.140000 0.115000
0 0.098750 0.521667 0.195000 0.163333
0 0.178125 0.700000 0.203750 0.190000
0 0.048750 0.875833 0.095000 0.231667
0 0.368125 0.692500 0.126250 0.171667
0 0.545625 0.899167 0.198750 0.201667
0 0.837500 0.705833 0.160000 0.151667
0 0.965625 0.610000 0.058750 0.233333
0 0.892500 0.883333 0.210000 0.233333
1 0.518125 0.295833 0.143750 0.178333
1 0.497500 0.540833 0.235000 0.311667
1 0.499375 0.761667 0.201250 0.196667
