1 0.217500 0.086667 0.117500 0.120000
0 0.077500 0.203333 0.152500 0.203333
0 0.246875 0.296667 0.173750 0.270000
0 0.088750 0.515000 0.175000 0.296667
0 0.273125 0.541667 0.158750 0.190000
0 0.495000 0.125000 0.152500 0.246667
0 0.741875 0.125000 0.158750 0.243333
0 0.914375 0.151667 0.163750 0.260000
0 0.932500 0.361667 0.112500 0.176667
0 0.930625 0.543333 0.123750 0.166667
0 0.420625 0.393333 0.133750 0.243333
0 0.413125 0.585833 0.143750 0.218333
0 0.348125 0.755000 0.156250 0.173333
0 0.420000 0.955000 0.092500 0.090000
0 0.163750 0.764167 0.120000 0.218333
0 0.611875 0.394167 0.218750 0.255000
0 0.627500 0.672500 0.215000 0.285000
