0 0.025625 0.077500 0.041250 0.045000
0 0.071250 0.053333 0.027500 0.033333
0 0.092500 0.042500 0.027500 0.035000
0 0.122500 0.031667 0.037500 0.040000
0 0.151250 0.020833 0.025000 0.031667
0 0.175625 0.006667 0.013750 0.010000
0 0.021875 0.310000 0.041250 0.056667
0 0.099375 0.251667 0.028750 0.030000
0 0.123750 0.211667 0.037500 0.030000
0 0.151250 0.200833 0.017500 0.028333
0 0.172500 0.179167 0.030000 0.021667
0 0.201250 0.150833 0.035000 0.028333
0 0.055625 0.132500 0.031250 0.025000
0 0.090625 0.111667 0.028750 0.026667
0 0.238750 0.115833 0.035000 0.038333
0 0.266875 0.099167 0.021250 0.025000
0 0.287500 0.071667 0.032500 0.033333
0 0.231250 0.029167 0.020000 0.018333
0 0.256250 0.014167 0.022500 0.021667
0 0.332500 0.033333 0.035000 0.026667
0 0.361875 0.008333 0.008750 0.013333
0 0.370000 0.005833 0.012500 0.008333
0 0.187500 0.005833 0.012500 0.008333
0 0.190625 0.395833 0.033750 0.058333
0 0.213125 0.381667 0.023750 0.020000
0 0.250625 0.317500 0.043750 0.038333
0 0.281875 0.279167 0.023750 0.021667
0 0.324375 0.215833 0.013750 0.018333
0 0.339375 0.197500 0.016250 0.018333
0 0.356250 0.163333 0.030000 0.030000
0 0.369375 0.141667 0.031250 0.026667
0 0.384375 0.126667 0.041250 0.023333
0 0.391250 0.107500 0.027500 0.018333
0 0.405625 0.090000 0.023750 0.020000
0 0.413125 0.067500 0.028750 0.018333
0 0.446250 0.025833 0.030000 0.021667
0 0.462500 0.008333 0.025000 0.013333
0 0.548750 0.006667 0.010000 0.010000
0 0.550625 0.017500 0.013750 0.008333
0 0.551250 0.036667 0.020000 0.013333
0 0.543125 0.069167 0.018750 0.015000
0 0.535000 0.112500 0.025000 0.021667
0 0.535625 0.134167 0.026250 0.035000
0 0.523750 0.190833 0.035000 0.028333
0 0.512500 0.244167 0.027500 0.021667
0 0.643125 0.004167 0.006250 0.005000
0 0.648125 0.017500 0.023750 0.018333
0 0.658750 0.052500 0.020000 0.018333
0 0.675625 0.100000 0.023750 0.016667
0 0.687500 0.130833 0.030000 0.025000
0 0.694375 0.165833 0.028750 0.031667
0 0.984375 0.297500 0.031250 0.068333
0 0.881875 0.715833 0.086250 0.098333
0 0.818125 0.086667 0.026250 0.026667
0 0.800625 0.078333 0.018750 0.023333
0 0.768125 0.040000 0.021250 0.026667
0 0.748125 0.024167 0.026250 0.028333
0 0.734375 0.008333 0.013750 0.013333
0 0.866250 0.030000 0.012500 0.006667
0 0.855000 0.024167 0.010000 0.008333
0 0.835625 0.008333 0.013750 0.010000
0 0.932500 0.012500 0.012500 0.011667
0 0.913750 0.005000 0.010000 0.006667
