0 0.085625 0.080000 0.163750 0.116667
0 0.226875 0.147500 0.163750 0.291667
0 0.071875 0.225000 0.141250 0.150000
0 0.078750 0.325833 0.155000 0.165000
0 0.256875 0.425000 0.168750 0.203333
0 0.471250 0.330000 0.210000 0.236667
0 0.612500 0.461667 0.185000 0.200000
0 0.451875 0.517500 0.163750 0.201667
0 0.438750 0.728333 0.222500 0.183333
0 0.620000 0.681667 0.157500 0.256667
0 0.421250 0.901667 0.177500 0.196667
0 0.600625 0.881667 0.181250 0.213333
0 0.653125 0.850000 0.151250 0.196667
0 0.959375 0.211667 0.073750 0.186667
0 0.751875 0.072500 0.171250 0.125000
0 0.749375 0.180000 0.096250 0.173333
0 0.845000 0.835000 0.102500 0.173333
0 0.952500 0.820833 0.095000 0.178333
0 0.939375 0.930000 0.116250 0.130000
