0 0.117500 0.215833 0.232500 0.321667
0 0.325625 0.061667 0.191250 0.120000
0 0.597500 0.053333 0.140000 0.103333
0 0.732500 0.087500 0.182500 0.145000
0 0.903750 0.105000 0.192500 0.206667
0 0.300000 0.364167 0.280000 0.381667
0 0.525625 0.360833 0.146250 0.388333
0 0.750625 0.326667 0.288750 0.300000
0 0.673125 0.610000 0.296250 0.310000
0 0.461250 0.755000 0.257500 0.440000
0 0.715000 0.836667 0.307500 0.326667
0 0.268125 0.609167 0.328750 0.355000
0 0.176875 0.700000 0.181250 0.243333
0 0.182500 0.924167 0.212500 0.151667
