0 0.092500 0.588333 0.170000 0.316667
0 0.117500 0.848333 0.227500 0.243333
0 0.226250 0.302500 0.150000 0.225000
0 0.403750 0.391667 0.155000 0.213333
0 0.591250 0.350833 0.192500 0.225000
0 0.504375 0.568333 0.223750 0.226667
0 0.469375 0.785833 0.113750 0.225000
0 0.753750 0.115000 0.350000 0.226667
0 0.755625 0.342500 0.138750 0.205000
0 0.917500 0.410000 0.140000 0.183333
0 0.750000 0.562500 0.227500 0.215000
0 0.943125 0.634167 0.093750 0.268333
0 0.744375 0.782500 0.208750 0.218333
0 0.929375 0.776667 0.113750 0.220000
