1 0.116250 0.361667 0.230000 0.393333
1 0.117500 0.898333 0.232500 0.173333
1 0.975000 0.876667 0.050000 0.113333
0 0.126875 0.091667 0.251250 0.176667
0 0.395625 0.135000 0.196250 0.266667
0 0.639375 0.140000 0.278750 0.266667
0 0.893750 0.125000 0.190000 0.233333
0 0.897500 0.378333 0.197500 0.230000
0 0.383125 0.407500 0.293750 0.261667
0 0.649375 0.430833 0.281250 0.318333
0 0.906875 0.649167 0.176250 0.278333
0 0.326250 0.691667 0.257500 0.296667
0 0.598125 0.692500 0.278750 0.295000
0 0.871875 0.718333 0.256250 0.273333
0 0.301875 0.907500 0.161250 0.151667
0 0.524375 0.907500 0.188750 0.178333
0 0.705625 0.902500 0.156250 0.195000
0 0.854375 0.910000 0.168750 0.173333
