0 0.036250 0.087500 0.070000 0.118333
0 0.145000 0.191667 0.135000 0.183333
0 0.280000 0.217500 0.157500 0.245000
0 0.141875 0.374167 0.143750 0.191667
0 0.066250 0.567500 0.130000 0.125000
0 0.245625 0.720833 0.303750 0.148333
0 0.296250 0.863333 0.155000 0.273333
0 0.556250 0.586667 0.122500 0.416667
0 0.763750 0.767500 0.097500 0.211667
0 0.796250 0.924167 0.052500 0.151667
0 0.651875 0.929167 0.061250 0.135000
1 0.816250 0.103333 0.140000 0.156667
1 0.938125 0.095833 0.123750 0.175000
0 0.921875 0.944167 0.153750 0.111667
