0 0.196250 0.090000 0.170000 0.176667
0 0.095000 0.108333 0.175000 0.213333
0 0.130625 0.228333 0.258750 0.116667
0 0.371875 0.137500 0.131250 0.198333
0 0.607500 0.055000 0.190000 0.106667
0 0.942500 0.058333 0.095000 0.113333
0 0.903125 0.180833 0.126250 0.175000
0 0.944375 0.367500 0.111250 0.165000
0 0.861875 0.503333 0.211250 0.310000
0 0.357500 0.482500 0.160000 0.168333
0 0.571250 0.450833 0.260000 0.245000
0 0.593750 0.741667 0.315000 0.366667
0 0.365000 0.640000 0.162500 0.233333
0 0.928125 0.930833 0.088750 0.138333
