0 0.066875 0.097500 0.131250 0.158333
0 0.070000 0.222500 0.137500 0.151667
0 0.104375 0.686667 0.176250 0.260000
0 0.251250 0.895833 0.232500 0.195000
0 0.443750 0.368333 0.172500 0.240000
0 0.293750 0.130000 0.150000 0.240000
0 0.867500 0.067500 0.132500 0.131667
0 0.585000 0.515833 0.187500 0.501667
0 0.438125 0.551667 0.128750 0.206667
0 0.409375 0.712500 0.181250 0.111667
0 0.496250 0.894167 0.212500 0.211667
0 0.762500 0.889167 0.277500 0.221667
0 0.770000 0.519167 0.177500 0.265000
0 0.928750 0.535833 0.137500 0.258333
0 0.791250 0.710833 0.155000 0.125000
0 0.929375 0.831667 0.126250 0.310000
0 0.538125 0.195000 0.163750 0.153333
0 0.456875 0.672500 0.153750 0.205000
